74.7453
1.8248
7.7489
6.38447
0.455424
1.2445
4.19328
2.20629
2.25583
1.66417
3.9417
0.910246
3.78051
3.55998
2.77307
6.55076
6.43834
4.30524
4.22291
3.91249
1.94146
1.15636
1.11447
0.999696
3.54627
10.366
0.18045
1.78876
3.81696
2.32009
1.0291
1.68463
0.736449
4.36658
1.82177
3.43059
1.04424
0.525949
0.137651
0.625388
4.46482
0.42755
2.50766
0.793186
1.00801
2.72047
6.76695
2.69174
4.78407
9.7515
4.24944
2.81678
2.13764
1.39469
0.808209
1.39373
3.45418
7.39132
1.56387
2.04965
0.323139
6.00063
6.35974
1.92315
2.41401
6.54625
1.95865
2.89428
3.18654
10.1291
3.18253
5.62298
2.28484
1.3672
0.315956
1.92315
1.86339
2.66305
0.863986
1.04403
4.09256
5.77905
0.987679
1.80388
1.59078
4.69941
0.197572
3.57288
0.225915
0.378501
2.69261
2.24936
1.66549
4.51115
1.46627
1.41633
6.82895
3.43673
2.46109
3.0845
2.16482
5.01565
0.936929
2.37781
0.896412
1.9772
2.04476
3.58602
1.02462
1.0397
3.87851
3.74855
2.64149
2.38495
2.05847
1.9925
0.385603
2.61893
1.62606
2.94495
5.33052
5.24098
1.7965
4.12594
3.05343
1.92366
0.427735
2.02475
1.26672
3.83071
0.644411
0.29875
3.63063
0.459694
1.04809
5.43957
5.95642
3.97223
5.15571
2.81783
3.66948
2.88995
0.914938
0.312502
4.49465
0.451026
0.40113
2.52678
4.20165
0.385907
6.93538
0.875758
6.76694
1.09813
1.92593
1.36136
1.99298
2.40751
2.26277
2.02562
2.46705
3.67124
2.87548
0.27734
4.51653
1.97889
2.3091
5.18278
8.03871
1.69361
0.621811
1.71032
3.98379
1.02882
4.88518
1.5305
2.31585
1.80035
6.34712
2.03109
0.998465
3.08682
2.10792
0.938238
1.87225
3.41985
0.317006
1.85122
1.26884
6.16389
0.122696
11.3936
3.30835
0.241603
1.62336
1.19319
2.00044
1.69883
5.22997
2.20141
1.74493
1.75809
6.88864
7.92474
0.385099
0.538258
3.18506
2.1195
1.10533
0.610121
9.03181
2.31977
0.860059
3.07075
4.94751
1.6535
5.48449
1.71958
2.75428
5.69152
1.487
5.87878
4.76076
1.38182
0.954837
4.54621
1.70546
6.00763
2.97771
0.512847
0.128632
0.663819
0.248505
8.0359
6.56754
0.652857
1.75495
0.343728
1.32236
0.4005
2.85202
9.92095
0.201243
6.95615
4.09784
2.72739
6.68956
1.18925
1.78456
