0
0.221135
0.167625
0.254795
0.00948386
1.21727
2.04504
0.391052
13.2582
2.28253
1.48054
4.13325
0.372944
3.65665
0.600488
0.687779
0.947078
0.844141
2.65979
1.14619
2.09397
2.03505
0.586616
1.0756
3.30112
2.34499
0.795249
0.310533
2.51625
0.954443
0.573086
0.307662
0.329372
0.410778
0.297205
0.332139
2.85234
0.973689
0.194398
3.49342
5.07024
0.464281
1.73048
5.7247
5.0387
2.76764
0.519163
0.309664
1.55858
0.060595
5.02587
0.840532
1.98228
1.18602
1.24554
0.271467
1.0974
2.26108
4.09971
0.0457758
1.03288
0.0439749
1.53278
3.725
0.891032
1.30239
0.335291
0.484346
2.81018
0.758649
0.752926
1.34758
1.72601
0.62352
0.826537
2.03687
0.194321
1.69058
0.261469
1.72129
0.596981
0.482142
3.5166
1.6326
1.29494
1.79732
2.72031
0.124512
3.693
0.964765
0.507155
1.15036
0.90018
1.8789
0.607775
1.05229
2.24667
2.73119
1.18729
6.05767
0.157984
0.514003
2.36077
1.61992
1.00728
2.86713
0.464506
1.11947
3.03556
2.10925
2.66221
0.474326
0.483874
3.79194
1.62411
0.966191
1.63242
0.708692
4.51092
0.214781
0.658722
0.674097
0.41693
2.54596
0.618252
1.6437
0.564365
2.18731
2.80337
0.551681
0.0235656
1.536
0.824251
1.92525
4.74696
4.0354
1.5438
1.65669
2.91547
1.35592
1.03883
0.66782
0.316215
2.98687
1.36724
4.66466
0.481136
1.25317
0.290333
1.68853
0.270548
6.21333
0.321358
0.568329
3.06545
3.0778
3.67176
3.61865
0.841565
2.1886
3.10456
1.94813
1.2489
0.861287
1.54298
5.35807
2.1155
0.465248
1.3031
0.513123
0.171136
2.55419
0.268402
2.91458
1.0876
15.809
0.739406
1.69575
2.56301
0.701957
1.09403
4.6521
1.99923
0.742338
2.47627
2.94439
5.62305
2.55265
0.474121
0.51259
0.730494
0.453895
2.07884
4.40476
1.29071
5.86292
1.38324
1.08689
0.102922
0.461374
2.52494
1.9138
3.31053
0.0843621
0.232379
0.72806
0.10738
1.70746
0.158618
3.71116
2.02384
0.434146
0.923559
1.21033
0.0351275
0.124294
4.18674
1.10475
0.256532
2.13843
0.108312
4.56387
2.86911
1.40314
0.550684
0.888883
6.1623
0.790231
3.90912
1.77064
2.24796
1.62275
0.239369
1.19629
0.510237
1.91172
8.6259
0.547126
3.8076
1.959
1.76622
0.733346
2.87542
0.940792
1.84894
0.544535
0.805499
6.66184
4.02391
0.51761
